4
6
10
16
18
24
25
26
27
28
31
32
42
43
46
48
62
66
67
69
76
90
91
93
94
95
101
103
106
107
112
116
117
126
129
131
134
136
137
141
153
168
169
170
172
173
179
194
200
202
232
236
253
255
259
265
268
274
281
282
283
288
290
294
296
301
305
308
309
314
316
317
319
324
326
327
333
337
338
340
341
343
344
345
346
347
348
349
350
353
355
357
358
359
360
361
362
363
364
365
370
374
376
377
378
379
381
382
383
387
388
389
392
393
394
396
397
398
400
401
402
403
406
407
408
411
412
414
416
420
421
422
423
424
425
426
428
429
430
434
435
436
438
439
440
442
444
445
446
448
449
451
453
454
455
456
457
460
461
463
464
465
466
467
469
473
474
475
476
477
478
479
480
482
484
485
487
489
491
492
493
494
495
496
497
498
499
501
502
503
505
506
508
509
510
511
513
514
515
516
517
519
520
522
523
526
527
528
529
530
531
532
533
536
537
538
539
542
545
546
548
550
551
552
553
554
556
557
558
559
560
561
562
564
566
567
569
570
573
574
575
577
579
580
581
584
586
589
590
591
592
593
594
595
596
597
598
600
601
602
604
605
607
608
609
610
611
613
614
615
616
617
618
619
620
621
623
624
625
626
